p cnf 1316 4420
-248 243 0
-248 111 0
-248 113 0
-248 127 0
-243 -111 -113 -127 248 0
-11 249 0
-67 249 0
-68 249 0
11 67 68 -249 0
-18 250 0
-44 250 0
-49 250 0
-73 250 0
-74 250 0
-119 250 0
-153 250 0
-154 250 0
18 44 49 73 74 119 153 154 -250 0
-7 253 0
-154 253 0
7 154 -253 0
-252 -6 0
-252 153 0
-252 253 0
6 -153 -253 252 0
-254 6 0
-254 -153 0
-6 153 254 0
-255 7 0
-255 -153 0
-7 153 255 0
-256 -153 0
-256 154 0
153 -154 256 0
-252 251 0
-254 251 0
-255 251 0
-256 251 0
252 254 255 256 -251 0
-258 12 0
-258 -126 0
-258 142 0
-258 215 0
-12 126 -142 -215 258 0
-259 126 0
-259 142 0
-126 -142 259 0
-258 257 0
-259 257 0
258 259 -257 0
-152 262 0
-154 262 0
152 154 -262 0
-261 -10 0
-261 22 0
-261 123 0
-261 201 0
-261 262 0
10 -22 -123 -201 -262 261 0
-263 -10 0
-263 123 0
-263 148 0
-263 201 0
-263 262 0
10 -123 -148 -201 -262 263 0
-264 10 0
-264 -163 0
-10 163 264 0
-261 260 0
-263 260 0
-264 260 0
261 263 264 -260 0
-68 265 0
-70 265 0
68 70 -265 0
-168 266 0
-169 266 0
-170 266 0
-171 266 0
168 169 170 171 -266 0
-268 -38 0
-268 -39 0
-268 -40 0
-268 -41 0
-268 -43 0
-268 -44 0
-268 -46 0
-268 -47 0
-268 -48 0
-268 -49 0
-268 -50 0
-268 -51 0
-268 -52 0
-268 -103 0
-268 -165 0
-268 -201 0
38 39 40 41 43 44 46 47 48 49 50 51 52 103 165 201 268 0
-269 -38 0
-269 -39 0
-269 -40 0
-269 -41 0
-269 -43 0
-269 -44 0
-269 -46 0
-269 -47 0
-269 -48 0
-269 -49 0
-269 -50 0
-269 -51 0
-269 -52 0
-269 165 0
-269 -201 0
38 39 40 41 43 44 46 47 48 49 50 51 52 -165 201 269 0
-272 -38 0
-272 -39 0
-272 -40 0
-272 -41 0
-272 -43 0
-272 -44 0
-272 -46 0
-272 -47 0
-272 -48 0
-272 -49 0
-272 -50 0
-272 -51 0
-272 -52 0
-272 -201 0
38 39 40 41 43 44 46 47 48 49 50 51 52 201 272 0
-165 271 0
-272 271 0
165 272 -271 0
-270 103 0
-270 271 0
-103 -271 270 0
-268 267 0
-269 267 0
-270 267 0
268 269 270 -267 0
-273 239 0
-273 121 0
-239 -121 273 0
-274 -236 0
-274 125 0
236 -125 274 0
-275 20 0
-275 22 0
-20 -22 275 0
23 277 0
166 277 0
-23 -166 -277 0
-276 102 0
-276 201 0
-276 277 0
-102 -201 -277 276 0
-50 279 0
-75 279 0
-76 279 0
50 75 76 -279 0
-278 235 0
-278 279 0
-235 -279 278 0
-280 -26 0
-280 28 0
-280 172 0
-280 201 0
26 -28 -172 -201 280 0
18 283 0
200 283 0
-18 -200 -283 0
-282 -54 0
-282 57 0
-282 201 0
-282 283 0
54 -57 -201 -283 282 0
-284 -54 0
-284 117 0
-284 201 0
-284 283 0
54 -117 -201 -283 284 0
-282 281 0
-284 281 0
282 284 -281 0
-285 -196 0
-285 201 0
196 -201 285 0
193 288 0
201 288 0
-193 -201 -288 0
-287 28 0
-287 -116 0
-287 126 0
-287 -187 0
-287 -223 0
-287 288 0
-28 116 -126 187 223 -288 287 0
-291 113 0
-291 146 0
-291 -181 0
-113 -146 181 291 0
-28 290 0
-291 290 0
28 291 -290 0
-289 172 0
-289 290 0
-289 288 0
-172 -290 -288 289 0
-287 286 0
-289 286 0
287 289 -286 0
-293 16 0
-293 153 0
-16 -153 293 0
-294 74 0
-294 153 0
-74 -153 294 0
-5 292 0
-67 292 0
-104 292 0
-119 292 0
-201 292 0
-293 292 0
-294 292 0
5 67 104 119 201 293 294 -292 0
-9 295 0
-36 295 0
-101 295 0
-103 295 0
-119 295 0
-146 295 0
-181 295 0
-201 295 0
9 36 101 103 119 146 181 201 -295 0
-102 297 0
-201 297 0
102 201 -297 0
-296 23 0
-296 -166 0
-296 297 0
-23 166 -297 296 0
-299 27 0
-299 102 0
-299 -196 0
-299 201 0
-27 -102 196 -201 299 0
-302 -112 0
-302 -113 0
-302 -114 0
-302 -156 0
-302 -196 0
112 113 114 156 196 302 0
-112 301 0
-113 301 0
-114 301 0
-156 301 0
-302 301 0
112 113 114 156 302 -301 0
-300 27 0
-300 301 0
-27 -301 300 0
-299 298 0
-300 298 0
299 300 -298 0
-304 33 0
-304 -34 0
-33 34 304 0
33 306 0
34 306 0
-33 -34 -306 0
-305 153 0
-305 160 0
-305 306 0
-153 -160 -306 305 0
-307 153 0
-307 161 0
-307 306 0
-153 -161 -306 307 0
-304 303 0
-305 303 0
-307 303 0
304 305 307 -303 0
-309 19 0
-309 145 0
-309 201 0
-19 -145 -201 309 0
-310 33 0
-310 157 0
-33 -157 310 0
-38 308 0
-39 308 0
-40 308 0
-41 308 0
-43 308 0
-44 308 0
-46 308 0
-47 308 0
-48 308 0
-49 308 0
-50 308 0
-51 308 0
-52 308 0
-309 308 0
-310 308 0
38 39 40 41 43 44 46 47 48 49 50 51 52 309 310 -308 0
-311 23 0
-311 31 0
-311 154 0
-23 -31 -154 311 0
-44 312 0
-49 312 0
-72 312 0
-117 312 0
-153 312 0
44 49 72 117 153 -312 0
-313 154 0
-313 176 0
-154 -176 313 0
-315 19 0
-315 53 0
-315 54 0
-315 214 0
-19 -53 -54 -214 315 0
-316 19 0
-316 53 0
-316 54 0
-316 216 0
-19 -53 -54 -216 316 0
-317 19 0
-317 53 0
-317 54 0
-317 217 0
-19 -53 -54 -217 317 0
-315 314 0
-316 314 0
-317 314 0
315 316 317 -314 0
-319 5 0
-319 26 0
-319 29 0
-319 -40 0
-319 44 0
-319 153 0
-319 176 0
-5 -26 -29 40 -44 -153 -176 319 0
-320 26 0
-320 29 0
-320 -40 0
-320 44 0
-320 73 0
-320 153 0
-320 176 0
-26 -29 40 -44 -73 -153 -176 320 0
-321 26 0
-321 29 0
-321 -40 0
-321 44 0
-321 74 0
-321 153 0
-321 176 0
-26 -29 40 -44 -74 -153 -176 321 0
-322 39 0
-322 -40 0
-39 40 322 0
-319 318 0
-320 318 0
-321 318 0
-322 318 0
319 320 321 322 -318 0
-324 9 0
-324 36 0
-324 39 0
-324 -41 0
-9 -36 -39 41 324 0
-325 40 0
-325 -41 0
-40 41 325 0
-324 323 0
-325 323 0
324 325 -323 0
-327 37 0
-327 40 0
-327 -43 0
-327 104 0
-327 120 0
-327 154 0
-327 176 0
-327 178 0
-37 -40 43 -104 -120 -154 -176 -178 327 0
-328 41 0
-328 -43 0
-41 43 328 0
-327 326 0
-328 326 0
327 328 -326 0
-73 331 0
-211 331 0
73 211 -331 0
-330 11 0
-330 43 0
-330 177 0
-330 331 0
-11 -43 -177 -331 330 0
-332 11 0
-332 70 0
-332 177 0
-332 331 0
-11 -70 -177 -331 332 0
-330 329 0
-332 329 0
330 332 -329 0
-334 -42 0
-334 43 0
42 -43 334 0
-41 333 0
-334 333 0
41 334 -333 0
-336 229 0
-336 -39 0
-336 53 0
-336 -54 0
-336 -77 0
-229 39 -53 54 77 336 0
-337 -39 0
-337 44 0
39 -44 337 0
-336 335 0
-337 335 0
336 337 -335 0
-338 3 0
-338 43 0
-3 -43 338 0
-340 5 0
-340 29 0
-340 49 0
-340 153 0
-340 176 0
-5 -29 -49 -153 -176 340 0
-341 29 0
-341 49 0
-341 73 0
-341 153 0
-341 176 0
-29 -49 -73 -153 -176 341 0
-342 29 0
-342 49 0
-342 74 0
-342 153 0
-342 176 0
-29 -49 -74 -153 -176 342 0
-343 46 0
-343 -47 0
-46 47 343 0
-340 339 0
-341 339 0
-342 339 0
-343 339 0
340 341 342 343 -339 0
-29 346 0
-104 346 0
29 104 -346 0
-345 5 0
-345 9 0
-345 36 0
-345 46 0
-345 153 0
-345 346 0
-5 -9 -36 -46 -153 -346 345 0
-347 47 0
-347 -48 0
-47 48 347 0
-345 344 0
-347 344 0
345 347 -344 0
-104 350 0
-178 350 0
104 178 -350 0
-349 37 0
-349 47 0
-349 120 0
-349 154 0
-349 176 0
-349 350 0
-37 -47 -120 -154 -176 -350 349 0
-351 48 0
-351 -53 0
-48 53 351 0
-349 348 0
-351 348 0
349 351 -348 0
-353 -46 0
-353 49 0
46 -49 353 0
-354 -46 0
-354 53 0
-354 -54 0
-354 -77 0
-354 228 0
46 -53 54 77 -228 354 0
-353 352 0
-354 352 0
353 354 -352 0
86 357 0
245 357 0
-86 -245 -357 0
-356 229 0
-356 -50 0
-356 53 0
-356 -54 0
-356 77 0
-356 -244 0
-356 357 0
-229 50 -53 54 -77 244 -357 356 0
-358 50 0
-358 244 0
-50 -244 358 0
50 360 0
230 360 0
-50 -230 -360 0
-359 50 0
-359 -235 0
-359 360 0
-50 235 -360 359 0
-356 355 0
-358 355 0
-359 355 0
356 358 359 -355 0
-361 229 0
-361 53 0
-361 -54 0
-361 -77 0
-361 86 0
-361 245 0
-229 -53 54 77 -86 -245 361 0
-362 229 0
-362 53 0
-362 -54 0
-362 -77 0
-362 -86 0
-362 97 0
-362 245 0
-229 -53 54 77 86 -97 -245 362 0
-366 -38 0
-366 -44 0
-366 -49 0
-366 -50 0
-366 -51 0
38 44 49 50 51 366 0
53 365 0
-366 365 0
-53 366 -365 0
-364 234 0
-364 365 0
-234 -365 364 0
-367 48 0
-367 365 0
-48 -365 367 0
-368 53 0
-368 365 0
-53 -365 368 0
-364 363 0
-367 363 0
-368 363 0
364 367 368 -363 0
-370 26 0
-370 -39 0
-370 44 0
-370 -46 0
-26 39 -44 46 370 0
-371 26 0
-371 -39 0
-371 -46 0
-371 49 0
-26 39 46 -49 371 0
-370 369 0
-371 369 0
370 371 -369 0
-38 372 0
-44 372 0
-49 372 0
-50 372 0
-51 372 0
-52 372 0
38 44 49 50 51 52 -372 0
-374 23 0
-374 53 0
-374 127 0
-374 201 0
-23 -53 -127 -201 374 0
-375 44 0
-375 201 0
-44 -201 375 0
-374 373 0
-375 373 0
374 375 -373 0
66 378 0
196 378 0
-66 -196 -378 0
-377 38 0
-377 378 0
-38 -378 377 0
-379 44 0
-379 378 0
-44 -378 379 0
-380 49 0
-380 378 0
-49 -378 380 0
-381 50 0
-381 378 0
-50 -378 381 0
-382 51 0
-382 378 0
-51 -378 382 0
-383 52 0
-383 378 0
-52 -378 383 0
-384 66 0
-384 378 0
-66 -378 384 0
-377 376 0
-379 376 0
-380 376 0
-381 376 0
-382 376 0
-383 376 0
-384 376 0
377 379 380 381 382 383 384 -376 0
-385 41 0
-385 154 0
-41 -154 385 0
-68 386 0
-69 386 0
68 69 -386 0
-28 388 0
126 388 0
-181 388 0
28 -126 181 -388 0
118 389 0
-222 389 0
-118 222 -389 0
-387 15 0
-387 231 0
-387 388 0
-387 389 0
-15 -231 -388 -389 387 0
-391 72 0
-391 153 0
-72 -153 391 0
-18 390 0
-73 390 0
-74 390 0
-391 390 0
18 73 74 391 -390 0
-44 392 0
-49 392 0
-56 392 0
44 49 56 -392 0
-44 393 0
-49 393 0
-56 393 0
-153 393 0
44 49 56 153 -393 0
75 396 0
78 396 0
-75 -78 -396 0
-395 75 0
-395 396 0
-75 -396 395 0
-397 77 0
-397 86 0
-397 245 0
-397 -244 0
-397 396 0
-77 -86 -245 244 -396 397 0
-395 394 0
-397 394 0
395 397 -394 0
-398 77 0
-398 -86 0
-398 97 0
-398 245 0
-77 86 -97 -245 398 0
-400 -50 0
-400 -75 0
-400 -76 0
-400 77 0
-400 -235 0
50 75 76 -77 235 400 0
-401 227 0
-401 -235 0
-227 235 401 0
-400 399 0
-401 399 0
400 401 -399 0
-403 -230 0
-403 79 0
230 -79 403 0
-404 230 0
-404 75 0
-230 -75 404 0
-403 402 0
-404 402 0
403 404 -402 0
-406 24 0
-406 -121 0
-24 121 406 0
-17 405 0
-406 405 0
17 406 -405 0
-407 -77 0
-407 86 0
-407 97 0
-407 245 0
77 -86 -97 -245 407 0
-409 -51 0
-409 -75 0
-409 -85 0
-409 86 0
51 75 85 -86 409 0
-233 408 0
-409 408 0
233 409 -408 0
-51 410 0
-75 410 0
-85 410 0
51 75 85 -410 0
-411 -77 0
-411 97 0
-411 245 0
77 -97 -245 411 0
-413 -52 0
-413 -76 0
-413 -85 0
-413 -96 0
-413 97 0
52 76 85 96 -97 413 0
-247 412 0
-413 412 0
247 413 -412 0
-52 414 0
-76 414 0
-85 414 0
-96 414 0
52 76 85 96 -414 0
-416 101 0
-416 -131 0
-416 -163 0
-101 131 163 416 0
-137 415 0
-416 415 0
137 416 -415 0
102 419 0
164 419 0
-102 -164 -419 0
-418 102 0
-418 201 0
-418 419 0
-102 -201 -419 418 0
-420 127 0
-420 205 0
-420 419 0
-127 -205 -419 420 0
-418 417 0
-420 417 0
418 420 -417 0
-421 71 0
-421 222 0
-71 -222 421 0
-5 424 0
-29 424 0
-36 424 0
5 29 36 -424 0
-423 39 0
-423 424 0
-39 -424 423 0
-425 46 0
-425 424 0
-46 -424 425 0
-40 427 0
-47 427 0
40 47 -427 0
-426 104 0
-426 427 0
-104 -427 426 0
-423 422 0
-425 422 0
-426 422 0
423 425 426 -422 0
-429 13 0
-429 -101 0
-429 -175 0
-429 201 0
-13 101 175 -201 429 0
-430 -101 0
-430 112 0
-430 153 0
-430 -175 0
101 -112 -153 175 430 0
-431 -101 0
-431 113 0
-431 153 0
-431 -175 0
101 -113 -153 175 431 0
-432 -101 0
-432 114 0
-432 153 0
-432 -175 0
101 -114 -153 175 432 0
-433 -101 0
-433 115 0
-433 153 0
-433 -175 0
101 -115 -153 175 433 0
-429 428 0
-430 428 0
-431 428 0
-432 428 0
-433 428 0
429 430 431 432 433 -428 0
-435 -107 0
-435 -112 0
-435 214 0
107 112 -214 435 0
-436 107 0
-436 112 0
-436 -220 0
-107 -112 220 436 0
-435 434 0
-436 434 0
435 436 -434 0
-38 439 0
-39 439 0
-40 439 0
-41 439 0
-43 439 0
-44 439 0
-46 439 0
-47 439 0
-48 439 0
-49 439 0
-50 439 0
-51 439 0
-52 439 0
38 39 40 41 43 44 46 47 48 49 50 51 52 -439 0
-438 -108 0
-438 117 0
-438 -196 0
-438 439 0
108 -117 196 -439 438 0
-440 108 0
-440 154 0
-440 -196 0
-440 439 0
-108 -154 196 -439 440 0
-438 437 0
-440 437 0
438 440 -437 0
-442 -109 0
-442 -113 0
-442 156 0
-442 226 0
-442 -218 0
109 113 -156 -226 218 442 0
-443 -109 0
-443 -113 0
-443 216 0
109 113 -216 443 0
-444 109 0
-444 113 0
-444 -173 0
-109 -113 173 444 0
-442 441 0
-443 441 0
-444 441 0
442 443 444 -441 0
-446 -110 0
-446 -114 0
-446 217 0
110 114 -217 446 0
-447 110 0
-447 114 0
-447 -160 0
-447 -173 0
-110 -114 160 173 447 0
-446 445 0
-447 445 0
446 447 -445 0
-449 -111 0
-449 -115 0
-449 -156 0
-449 218 0
111 115 156 -218 449 0
-450 111 0
-450 115 0
-450 -173 0
-111 -115 173 450 0
-449 448 0
-450 448 0
449 450 -448 0
-107 451 0
-435 451 0
107 435 -451 0
-109 452 0
-443 452 0
109 443 -452 0
-110 453 0
-446 453 0
110 446 -453 0
-455 -111 0
-455 -115 0
-455 218 0
111 115 -218 455 0
-111 454 0
-455 454 0
111 455 -454 0
-456 102 0
-456 201 0
-102 -201 456 0
-58 457 0
-59 457 0
-81 457 0
-198 457 0
-456 457 0
58 59 81 198 456 -457 0
-458 -19 0
-458 71 0
-458 201 0
19 -71 -201 458 0
-18 459 0
-29 459 0
18 29 -459 0
-36 460 0
-104 460 0
36 104 -460 0
17 463 0
121 463 0
-17 -121 -463 0
-462 50 0
-462 463 0
-50 -463 462 0
-464 75 0
-464 463 0
-75 -463 464 0
-465 76 0
-465 463 0
-76 -463 465 0
-462 461 0
-464 461 0
-465 461 0
462 464 465 -461 0
-467 153 0
-467 160 0
-153 -160 467 0
-468 153 0
-468 161 0
-153 -161 468 0
-467 466 0
-468 466 0
467 468 -466 0
19 471 0
20 471 0
125 471 0
-19 -20 -125 -471 0
19 472 0
-124 472 0
125 472 0
-19 124 -125 -472 0
-470 19 0
-470 124 0
-470 471 0
-470 472 0
-19 -124 -471 -472 470 0
-19 474 0
20 474 0
113 474 0
-124 474 0
125 474 0
-156 474 0
-163 474 0
19 -20 -113 124 -125 156 163 -474 0
-473 113 0
-473 471 0
-473 472 0
-473 474 0
-113 -471 -472 -474 473 0
125 476 0
163 476 0
-125 -163 -476 0
-475 156 0
-475 471 0
-475 472 0
-475 476 0
-156 -471 -472 -476 475 0
-470 469 0
-473 469 0
-475 469 0
470 473 475 -469 0
-478 -19 0
-478 -20 0
19 20 478 0
19 477 0
20 477 0
-478 477 0
-19 -20 478 -477 0
-480 -243 0
-480 -123 0
-480 -127 0
-480 -163 0
-480 201 0
-480 -205 0
243 123 127 163 -201 205 480 0
-481 243 0
-481 -123 0
-481 -127 0
-481 205 0
-243 123 127 -205 481 0
-482 243 0
-482 123 0
-482 -127 0
-482 163 0
-482 205 0
-243 -123 127 -163 -205 482 0
-483 -123 0
-483 127 0
-483 -201 0
123 -127 201 483 0
-480 479 0
-481 479 0
-482 479 0
-483 479 0
480 481 482 483 -479 0
-485 8 0
-485 134 0
-8 -134 485 0
-486 8 0
-486 135 0
-8 -135 486 0
-487 8 0
-487 136 0
-8 -136 487 0
-488 8 0
-488 139 0
-8 -139 488 0
-489 8 0
-489 140 0
-8 -140 489 0
-490 8 0
-490 141 0
-8 -141 490 0
-491 8 0
-491 146 0
-8 -146 491 0
-492 8 0
-492 202 0
-8 -202 492 0
-493 8 0
-493 203 0
-8 -203 493 0
-494 8 0
-494 207 0
-8 -207 494 0
-485 484 0
-486 484 0
-487 484 0
-488 484 0
-489 484 0
-490 484 0
-491 484 0
-492 484 0
-493 484 0
-494 484 0
485 486 487 488 489 490 491 492 493 494 -484 0
-487 495 0
-490 495 0
-491 495 0
-492 495 0
-493 495 0
-494 495 0
487 490 491 492 493 494 -495 0
-497 8 0
-497 138 0
-8 -138 497 0
-485 496 0
-486 496 0
-487 496 0
-497 496 0
-488 496 0
-489 496 0
-490 496 0
485 486 487 497 488 489 490 -496 0
-499 101 0
-499 219 0
-101 -219 499 0
-500 195 0
-500 219 0
-195 -219 500 0
-501 219 0
-501 224 0
-219 -224 501 0
-499 498 0
-500 498 0
-501 498 0
499 500 501 -498 0
-503 20 0
-503 -146 0
-503 -156 0
-20 146 156 503 0
-504 101 0
-504 -146 0
-504 -156 0
-101 146 156 504 0
-503 502 0
-504 502 0
503 504 -502 0
-506 -123 0
-506 -146 0
-506 -156 0
-506 -157 0
-506 -182 0
-506 -194 0
123 146 156 157 182 194 506 0
-507 -123 0
-507 -146 0
-507 156 0
-507 -157 0
-507 -182 0
-507 194 0
123 146 -156 157 182 -194 507 0
-506 505 0
-507 505 0
506 507 -505 0
-28 508 0
-181 508 0
28 181 -508 0
-510 28 0
-510 195 0
-28 -195 510 0
-511 181 0
-511 195 0
-181 -195 511 0
-510 509 0
-511 509 0
510 511 -509 0
-28 512 0
-122 512 0
-181 512 0
28 122 181 -512 0
137 515 0
163 515 0
-137 -163 -515 0
-514 138 0
-514 182 0
-514 515 0
-138 -182 -515 514 0
-516 139 0
-516 182 0
-516 515 0
-139 -182 -515 516 0
-517 140 0
-517 182 0
-517 515 0
-140 -182 -515 517 0
-518 146 0
-518 207 0
-518 515 0
-146 -207 -515 518 0
-519 182 0
-519 207 0
-519 515 0
-182 -207 -515 519 0
-520 207 0
-520 515 0
-207 -515 520 0
-514 513 0
-516 513 0
-517 513 0
-518 513 0
-519 513 0
-520 513 0
514 516 517 518 519 520 -513 0
-522 117 0
-522 198 0
-117 -198 522 0
-117 524 0
-198 524 0
117 198 -524 0
-523 143 0
-523 524 0
-143 -524 523 0
-525 192 0
-525 524 0
-192 -524 525 0
-28 521 0
-105 521 0
-181 521 0
-190 521 0
-208 521 0
-522 521 0
-523 521 0
-525 521 0
28 105 181 190 208 522 523 525 -521 0
-39 528 0
-40 528 0
-41 528 0
-43 528 0
-44 528 0
-46 528 0
-47 528 0
-48 528 0
-49 528 0
-50 528 0
-51 528 0
-52 528 0
39 40 41 43 44 46 47 48 49 50 51 52 -528 0
-527 117 0
-527 -139 0
-527 528 0
-117 139 -528 527 0
-529 -139 0
-529 149 0
-529 528 0
139 -149 -528 529 0
-530 -139 0
-530 161 0
-530 528 0
139 -161 -528 530 0
-531 -139 0
-531 201 0
-531 528 0
139 -201 -528 531 0
-527 526 0
-529 526 0
-530 526 0
-531 526 0
527 529 530 531 -526 0
-533 -108 0
-533 122 0
108 -122 533 0
-534 -108 0
-534 181 0
108 -181 534 0
-535 -108 0
-535 208 0
108 -208 535 0
-533 532 0
-534 532 0
-535 532 0
533 534 535 -532 0
133 538 0
142 538 0
-133 -142 -538 0
-537 20 0
-537 132 0
-537 -133 0
-537 538 0
-20 -132 133 -538 537 0
-539 20 0
-539 132 0
-539 -142 0
-539 538 0
-20 -132 142 -538 539 0
-540 123 0
-540 538 0
-123 -538 540 0
-541 -133 0
-541 142 0
-541 538 0
133 -142 -538 541 0
-542 146 0
-542 538 0
-146 -538 542 0
-543 194 0
-543 538 0
-194 -538 543 0
-537 536 0
-539 536 0
-540 536 0
-541 536 0
-542 536 0
-543 536 0
537 539 540 541 542 543 -536 0
-144 544 0
-202 544 0
144 202 -544 0
-23 545 0
-38 545 0
-39 545 0
-40 545 0
-41 545 0
-43 545 0
-44 545 0
-46 545 0
-47 545 0
-48 545 0
-49 545 0
-50 545 0
-51 545 0
-52 545 0
23 38 39 40 41 43 44 46 47 48 49 50 51 52 -545 0
-549 -10 0
-549 144 0
10 -144 549 0
-117 548 0
-549 548 0
117 549 -548 0
-547 28 0
-547 -156 0
-547 548 0
-28 156 -548 547 0
-550 146 0
-550 -156 0
-550 -165 0
-550 201 0
-550 508 0
-146 156 165 -201 -508 550 0
-551 -156 0
-551 181 0
-551 548 0
156 -181 -548 551 0
-547 546 0
-550 546 0
-551 546 0
547 550 551 -546 0
-553 13 0
-553 -101 0
-13 101 553 0
-554 13 0
-554 156 0
-13 -156 554 0
-553 552 0
-554 552 0
553 554 -552 0
-201 555 0
-225 555 0
201 225 -555 0
-557 26 0
-557 -242 0
-557 201 0
-26 242 -201 557 0
-558 31 0
-558 -242 0
-31 242 558 0
-559 63 0
-559 -242 0
-63 242 559 0
-560 65 0
-560 -242 0
-65 242 560 0
-561 71 0
-561 -242 0
-71 242 561 0
-562 87 0
-562 -242 0
-87 242 562 0
-563 88 0
-563 -242 0
-88 242 563 0
-564 90 0
-564 -242 0
-90 242 564 0
-565 91 0
-565 -242 0
-91 242 565 0
-566 93 0
-566 -242 0
-93 242 566 0
-567 94 0
-567 -242 0
-94 242 567 0
-568 98 0
-568 -242 0
-98 242 568 0
-569 102 0
-569 -242 0
-102 242 569 0
-570 108 0
-570 -242 0
-108 242 570 0
-571 113 0
-571 -242 0
-113 242 571 0
-572 -242 0
-572 190 0
242 -190 572 0
-557 556 0
-558 556 0
-559 556 0
-560 556 0
-561 556 0
-562 556 0
-563 556 0
-564 556 0
-565 556 0
-566 556 0
-567 556 0
-568 556 0
-569 556 0
-570 556 0
-571 556 0
-572 556 0
557 558 559 560 561 562 563 564 565 566 567 568 569 570 571 572 -556 0
-6 573 0
-109 573 0
-110 573 0
-157 573 0
-192 573 0
6 109 110 157 192 -573 0
-575 102 0
-575 -151 0
-575 201 0
-575 -205 0
-102 151 -201 205 575 0
-576 151 0
-576 205 0
-151 -205 576 0
-6 574 0
-145 574 0
-194 574 0
-575 574 0
-576 574 0
6 145 194 575 576 -574 0
-578 149 0
-578 150 0
-578 -152 0
-149 -150 152 578 0
-579 -151 0
-579 152 0
-579 -164 0
151 -152 164 579 0
-578 577 0
-579 577 0
578 579 -577 0
-581 150 0
-581 151 0
-150 -151 581 0
149 583 0
153 583 0
-149 -153 -583 0
-582 153 0
-582 583 0
-153 -583 582 0
-584 154 0
-584 164 0
-154 -164 584 0
-581 580 0
-582 580 0
-584 580 0
581 582 584 -580 0
154 587 0
164 587 0
-154 -164 -587 0
-586 149 0
-586 153 0
-586 587 0
-149 -153 -587 586 0
-588 151 0
-588 152 0
-588 587 0
-151 -152 -587 588 0
-586 585 0
-588 585 0
586 588 -585 0
149 591 0
155 591 0
-149 -155 -591 0
151 592 0
155 592 0
-151 -155 -592 0
-590 -149 0
-590 -151 0
-590 155 0
-590 591 0
-590 592 0
149 151 -155 -591 -592 590 0
-593 150 0
-593 -155 0
-593 591 0
-593 592 0
-150 155 -591 -592 593 0
-594 152 0
-594 -155 0
-594 164 0
-594 591 0
-594 592 0
-152 155 -164 -591 -592 594 0
-590 589 0
-593 589 0
-594 589 0
590 593 594 -589 0
156 597 0
163 597 0
-156 -163 -597 0
-596 148 0
-596 219 0
-596 597 0
-148 -219 -597 596 0
-598 156 0
-598 219 0
-598 597 0
-156 -219 -597 598 0
-596 595 0
-598 595 0
596 598 -595 0
157 601 0
209 601 0
-157 -209 -601 0
-600 1 0
-600 19 0
-600 158 0
-600 601 0
-1 -19 -158 -601 600 0
-602 19 0
-602 33 0
-602 158 0
-602 601 0
-19 -33 -158 -601 602 0
-603 157 0
-603 -163 0
-603 -209 0
-603 601 0
-157 163 209 -601 603 0
-600 599 0
-602 599 0
-603 599 0
600 602 603 -599 0
-605 148 0
-605 -157 0
-148 157 605 0
-606 148 0
-606 157 0
-606 -158 0
-148 -157 158 606 0
-607 -157 0
-607 158 0
157 -158 607 0
-605 604 0
-606 604 0
-607 604 0
605 606 607 -604 0
-609 19 0
-609 21 0
-19 -21 609 0
-610 19 0
-610 101 0
-19 -101 610 0
-611 21 0
-611 153 0
-611 154 0
-21 -153 -154 611 0
-612 101 0
-612 153 0
-612 154 0
-101 -153 -154 612 0
-609 608 0
-610 608 0
-611 608 0
-612 608 0
609 610 611 612 -608 0
-110 615 0
156 615 0
110 -156 -615 0
-614 113 0
-614 160 0
-614 615 0
-113 -160 -615 614 0
-110 613 0
-614 613 0
110 614 -613 0
-617 58 0
-617 439 0
-58 -439 617 0
-618 62 0
-618 439 0
-62 -439 618 0
-619 66 0
-619 439 0
-66 -439 619 0
-1 616 0
-617 616 0
-618 616 0
-619 616 0
1 617 618 619 -616 0
-153 622 0
-154 622 0
153 154 -622 0
-621 -6 0
-621 9 0
-621 28 0
-621 622 0
6 -9 -28 -622 621 0
-623 -6 0
-623 9 0
-623 157 0
-623 622 0
6 -9 -157 -622 623 0
-624 -6 0
-624 9 0
-624 181 0
-624 622 0
6 -9 -181 -622 624 0
-625 -6 0
-625 9 0
-625 192 0
-625 622 0
6 -9 -192 -622 625 0
-626 6 0
-626 622 0
-6 -622 626 0
-621 620 0
-623 620 0
-624 620 0
-625 620 0
-626 620 0
621 623 624 625 626 -620 0
-628 -38 0
-628 -39 0
-628 -40 0
-628 -41 0
-628 -43 0
-628 -44 0
-628 -46 0
-628 -47 0
-628 -48 0
-628 -49 0
-628 -50 0
-628 -51 0
-628 -52 0
-628 -163 0
38 39 40 41 43 44 46 47 48 49 50 51 52 163 628 0
-629 -38 0
-629 -39 0
-629 -40 0
-629 -41 0
-629 -43 0
-629 -44 0
-629 -46 0
-629 -47 0
-629 -48 0
-629 -49 0
-629 -50 0
-629 -51 0
-629 -52 0
-629 163 0
38 39 40 41 43 44 46 47 48 49 50 51 52 -163 629 0
-630 38 0
-630 -163 0
-38 163 630 0
-631 39 0
-631 -163 0
-39 163 631 0
-632 40 0
-632 -163 0
-40 163 632 0
-633 41 0
-633 -163 0
-41 163 633 0
-634 43 0
-634 -163 0
-43 163 634 0
-635 44 0
-635 -163 0
-44 163 635 0
-636 46 0
-636 -163 0
-46 163 636 0
-637 47 0
-637 -163 0
-47 163 637 0
-638 48 0
-638 -163 0
-48 163 638 0
-639 49 0
-639 -163 0
-49 163 639 0
-640 50 0
-640 -163 0
-50 163 640 0
-641 51 0
-641 -163 0
-51 163 641 0
-642 52 0
-642 -163 0
-52 163 642 0
-628 627 0
-629 627 0
-630 627 0
-631 627 0
-632 627 0
-633 627 0
-634 627 0
-635 627 0
-636 627 0
-637 627 0
-638 627 0
-639 627 0
-640 627 0
-641 627 0
-642 627 0
628 629 630 631 632 633 634 635 636 637 638 639 640 641 642 -627 0
-644 28 0
-644 149 0
-644 -237 0
-644 172 0
-644 192 0
-28 -149 237 -172 -192 644 0
-645 -237 0
-645 238 0
237 -238 645 0
-644 643 0
-645 643 0
644 645 -643 0
-646 -38 0
-646 -39 0
-646 -40 0
-646 -41 0
-646 -43 0
-646 -44 0
-646 -46 0
-646 -47 0
-646 -49 0
-646 -50 0
-646 -51 0
-646 -52 0
-646 -238 0
38 39 40 41 43 44 46 47 49 50 51 52 238 646 0
-647 243 0
-647 127 0
-647 -156 0
-647 -157 0
-243 -127 156 157 647 0
-648 106 0
-648 214 0
-106 -214 648 0
-649 106 0
-649 216 0
-106 -216 649 0
-650 106 0
-650 217 0
-106 -217 650 0
-651 106 0
-651 218 0
-106 -218 651 0
-653 14 0
-653 152 0
-14 -152 653 0
-654 14 0
-654 154 0
-14 -154 654 0
-653 652 0
-654 652 0
653 654 -652 0
-655 20 0
-655 154 0
-20 -154 655 0
176 658 0
177 658 0
-176 -177 -658 0
-657 44 0
-657 658 0
-44 -658 657 0
-659 49 0
-659 658 0
-49 -658 659 0
-660 174 0
-660 658 0
-174 -658 660 0
-661 176 0
-661 658 0
-176 -658 661 0
-662 180 0
-662 658 0
-180 -658 662 0
-663 221 0
-663 658 0
-221 -658 663 0
-657 656 0
-659 656 0
-660 656 0
-661 656 0
-662 656 0
-663 656 0
657 659 660 661 662 663 -656 0
181 666 0
187 666 0
-181 -187 -666 0
-665 35 0
-665 243 0
-665 127 0
-665 666 0
-35 -243 -127 -666 665 0
-667 243 0
-667 127 0
-667 191 0
-667 666 0
-243 -127 -191 -666 667 0
-668 243 0
-668 127 0
-668 206 0
-668 666 0
-243 -127 -206 -666 668 0
-671 28 0
-671 -35 0
-671 243 0
-671 127 0
-671 -146 0
-671 -181 0
-671 -191 0
-671 -206 0
-28 35 -243 -127 146 181 191 206 671 0
-672 28 0
-672 243 0
-672 -113 0
-672 127 0
-672 -181 0
-28 -243 113 -127 181 672 0
-673 243 0
-673 113 0
-673 127 0
-673 146 0
-673 -181 0
-243 -113 -127 -146 181 673 0
-671 670 0
-672 670 0
-673 670 0
671 672 673 -670 0
-669 172 0
-669 670 0
-172 -670 669 0
-674 181 0
-674 -187 0
-674 666 0
-181 187 -666 674 0
-665 664 0
-667 664 0
-668 664 0
-669 664 0
-674 664 0
665 667 668 669 674 -664 0
-676 -10 0
-676 -101 0
-676 146 0
-676 182 0
-676 -190 0
10 101 -146 -182 190 676 0
-677 -10 0
-677 -101 0
-677 -156 0
-677 182 0
10 101 156 -182 677 0
-678 146 0
-678 175 0
-678 -182 0
-678 184 0
-678 201 0
-146 -175 182 -184 -201 678 0
-679 182 0
-679 190 0
-182 -190 679 0
-676 675 0
-677 675 0
-678 675 0
-679 675 0
676 677 678 679 -675 0
-681 163 0
-681 -183 0
-681 185 0
-163 183 -185 681 0
-682 183 0
-682 -184 0
-183 184 682 0
-681 680 0
-682 680 0
681 682 -680 0
-684 -182 0
-684 184 0
182 -184 684 0
-685 183 0
-685 -184 0
-685 190 0
-183 184 -190 685 0
-684 683 0
-685 683 0
684 685 -683 0
-687 -182 0
-687 -183 0
-687 -185 0
182 183 185 687 0
-688 -182 0
-688 183 0
-688 -185 0
182 -183 185 688 0
-689 -183 0
-689 185 0
183 -185 689 0
-687 686 0
-688 686 0
-689 686 0
687 688 689 -686 0
-4 690 0
-20 690 0
-188 690 0
4 20 188 -690 0
148 693 0
154 693 0
190 693 0
-148 -154 -190 -693 0
-692 13 0
-692 -157 0
-692 214 0
-692 693 0
-13 157 -214 -693 692 0
-694 13 0
-694 -157 0
-694 216 0
-694 693 0
-13 157 -216 -693 694 0
-695 13 0
-695 -157 0
-695 217 0
-695 693 0
-13 157 -217 -693 695 0
-696 13 0
-696 -157 0
-696 218 0
-696 693 0
-13 157 -218 -693 696 0
-692 691 0
-694 691 0
-695 691 0
-696 691 0
692 694 695 696 -691 0
109 699 0
189 699 0
-109 -189 -699 0
-698 21 0
-698 201 0
-698 219 0
-698 699 0
-21 -201 -219 -699 698 0
-700 156 0
-700 201 0
-700 219 0
-700 699 0
-156 -201 -219 -699 700 0
-698 697 0
-700 697 0
698 700 -697 0
-191 701 0
-196 701 0
-199 701 0
191 196 199 -701 0
-703 20 0
-703 28 0
-20 -28 703 0
-704 28 0
-704 33 0
-28 -33 704 0
-703 702 0
-704 702 0
703 704 -702 0
-706 -116 0
-706 -156 0
-706 192 0
-706 -223 0
116 156 -192 223 706 0
-707 -192 0
-707 -193 0
-707 220 0
-707 222 0
192 193 -220 -222 707 0
-706 705 0
-707 705 0
706 707 -705 0
-708 -1 0
-708 -153 0
-708 -157 0
1 153 157 708 0
131 711 0
195 711 0
-131 -195 -711 0
163 712 0
195 712 0
-163 -195 -712 0
-710 130 0
-710 711 0
-710 712 0
-130 -711 -712 710 0
-713 197 0
-713 711 0
-713 712 0
-197 -711 -712 713 0
-710 709 0
-713 709 0
710 713 -709 0
-485 714 0
-486 714 0
-487 714 0
-497 714 0
-488 714 0
-489 714 0
-490 714 0
-492 714 0
-494 714 0
485 486 487 497 488 489 490 492 494 -714 0
-38 717 0
-39 717 0
-40 717 0
-41 717 0
-43 717 0
-44 717 0
-46 717 0
-47 717 0
-48 717 0
-49 717 0
-50 717 0
-51 717 0
-52 717 0
-76 717 0
-85 717 0
38 39 40 41 43 44 46 47 48 49 50 51 52 76 85 -717 0
-716 61 0
-716 -164 0
-716 717 0
-61 164 -717 716 0
-718 62 0
-718 -164 0
-718 717 0
-62 164 -717 718 0
-719 66 0
-719 -164 0
-719 717 0
-66 164 -717 719 0
-720 82 0
-720 -164 0
-720 717 0
-82 164 -717 720 0
-721 83 0
-721 -164 0
-721 717 0
-83 164 -717 721 0
-722 84 0
-722 -164 0
-722 717 0
-84 164 -717 722 0
-723 95 0
-723 -164 0
-723 717 0
-95 164 -717 723 0
-724 99 0
-724 -164 0
-724 717 0
-99 164 -717 724 0
-725 100 0
-725 -164 0
-725 717 0
-100 164 -717 725 0
-726 102 0
-726 -164 0
-102 164 726 0
-727 -164 0
-727 201 0
164 -201 727 0
-716 715 0
-718 715 0
-719 715 0
-720 715 0
-721 715 0
-722 715 0
-723 715 0
-724 715 0
-725 715 0
-726 715 0
-727 715 0
716 718 719 720 721 722 723 724 725 726 727 -715 0
-729 -26 0
-729 117 0
-729 154 0
26 -117 -154 729 0
-730 31 0
-730 -101 0
-730 117 0
-730 -144 0
-730 -153 0
-730 154 0
-31 101 -117 144 153 -154 730 0
-731 31 0
-731 144 0
-731 154 0
-31 -144 -154 731 0
-729 728 0
-730 728 0
-731 728 0
729 730 731 -728 0
-733 -26 0
-733 38 0
26 -38 733 0
-734 -26 0
-734 39 0
26 -39 734 0
-735 -26 0
-735 40 0
26 -40 735 0
-736 -26 0
-736 41 0
26 -41 736 0
-737 -26 0
-737 43 0
26 -43 737 0
-738 -26 0
-738 44 0
26 -44 738 0
-739 -26 0
-739 46 0
26 -46 739 0
-740 -26 0
-740 47 0
26 -47 740 0
-741 -26 0
-741 48 0
26 -48 741 0
-742 -26 0
-742 49 0
26 -49 742 0
-743 -26 0
-743 50 0
26 -50 743 0
-744 -26 0
-744 51 0
26 -51 744 0
-745 -26 0
-745 52 0
26 -52 745 0
-733 732 0
-734 732 0
-735 732 0
-736 732 0
-737 732 0
-738 732 0
-739 732 0
-740 732 0
-741 732 0
-742 732 0
-743 732 0
-744 732 0
-745 732 0
733 734 735 736 737 738 739 740 741 742 743 744 745 -732 0
32 748 0
201 748 0
-32 -201 -748 0
-747 13 0
-747 109 0
-747 748 0
-13 -109 -748 747 0
-749 13 0
-749 111 0
-749 748 0
-13 -111 -748 749 0
-750 13 0
-750 218 0
-750 748 0
-13 -218 -748 750 0
-751 23 0
-751 165 0
-751 748 0
-23 -165 -748 751 0
-752 59 0
-752 748 0
-59 -748 752 0
-753 61 0
-753 748 0
-61 -748 753 0
-754 66 0
-754 748 0
-66 -748 754 0
-755 102 0
-755 165 0
-755 748 0
-102 -165 -748 755 0
-756 167 0
-756 -201 0
-756 748 0
-167 201 -748 756 0
-747 746 0
-749 746 0
-750 746 0
-751 746 0
-752 746 0
-753 746 0
-754 746 0
-755 746 0
-756 746 0
747 749 750 751 752 753 754 755 756 -746 0
-757 208 0
-757 -224 0
-208 224 757 0
-759 153 0
-759 -205 0
-153 205 759 0
-760 -201 0
-760 205 0
201 -205 760 0
-759 758 0
-760 758 0
759 760 -758 0
-153 763 0
-189 763 0
-190 763 0
153 189 190 -763 0
-762 21 0
-762 262 0
-762 763 0
-21 -262 -763 762 0
-764 157 0
-764 262 0
-764 763 0
-157 -262 -763 764 0
-765 201 0
-765 262 0
-765 763 0
-201 -262 -763 765 0
-762 761 0
-764 761 0
-765 761 0
762 764 765 -761 0
-238 766 0
-208 766 0
238 208 -766 0
-11 767 0
-68 767 0
-70 767 0
11 68 70 -767 0
-769 9 0
-769 -153 0
-769 205 0
-769 212 0
-9 153 -205 -212 769 0
-770 201 0
-770 205 0
-201 -205 770 0
-769 768 0
-770 768 0
769 770 -768 0
-117 773 0
-144 773 0
-153 773 0
117 144 153 -773 0
-772 28 0
-772 -31 0
-772 -166 0
-772 297 0
-772 773 0
-28 31 166 -297 -773 772 0
-774 28 0
-774 31 0
-774 102 0
-774 -166 0
-774 773 0
-28 -31 -102 166 -773 774 0
-775 28 0
-775 31 0
-775 -166 0
-775 201 0
-775 773 0
-28 -31 166 -201 -773 775 0
-772 771 0
-774 771 0
-775 771 0
772 774 775 -771 0
-168 780 0
-240 780 0
-214 780 0
168 240 214 -780 0
-779 -168 0
-779 780 0
168 -780 779 0
13 778 0
-779 778 0
-13 779 -778 0
-777 -13 0
-777 168 0
-777 778 0
13 -168 -778 777 0
-781 240 0
-781 778 0
-240 -778 781 0
-782 214 0
-782 778 0
-214 -778 782 0
-777 776 0
-781 776 0
-782 776 0
777 781 782 -776 0
-169 787 0
-241 787 0
-216 787 0
169 241 216 -787 0
-786 -169 0
-786 787 0
169 -787 786 0
13 785 0
-786 785 0
-13 786 -785 0
-784 -13 0
-784 169 0
-784 785 0
13 -169 -785 784 0
-788 241 0
-788 785 0
-241 -785 788 0
-789 216 0
-789 785 0
-216 -785 789 0
-784 783 0
-788 783 0
-789 783 0
784 788 789 -783 0
-169 794 0
-232 794 0
-217 794 0
169 232 217 -794 0
-793 -169 0
-793 794 0
169 -794 793 0
13 792 0
-793 792 0
-13 793 -792 0
-791 -13 0
-791 169 0
-791 792 0
13 -169 -792 791 0
-795 232 0
-795 792 0
-232 -792 795 0
-796 217 0
-796 792 0
-217 -792 796 0
-791 790 0
-795 790 0
-796 790 0
791 795 796 -790 0
-171 801 0
-226 801 0
-218 801 0
171 226 218 -801 0
-800 -171 0
-800 801 0
171 -801 800 0
13 799 0
-800 799 0
-13 800 -799 0
-798 -13 0
-798 171 0
-798 799 0
13 -171 -799 798 0
-802 226 0
-802 799 0
-226 -799 802 0
-803 218 0
-803 799 0
-218 -799 803 0
-798 797 0
-802 797 0
-803 797 0
798 802 803 -797 0
-805 2 0
-805 -147 0
-2 147 805 0
-806 -147 0
-806 219 0
147 -219 806 0
-805 804 0
-806 804 0
805 806 -804 0
-807 107 0
-807 154 0
-107 -154 807 0
-809 66 0
-809 -102 0
-809 -201 0
-66 102 201 809 0
-810 -102 0
-810 152 0
-810 -201 0
102 -152 201 810 0
-811 -102 0
-811 153 0
-811 -201 0
102 -153 201 811 0
-812 -102 0
-812 154 0
-812 -201 0
102 -154 201 812 0
-809 808 0
-810 808 0
-811 808 0
-812 808 0
809 810 811 812 -808 0
-814 -103 0
-814 192 0
103 -192 814 0
-38 813 0
-39 813 0
-40 813 0
-41 813 0
-43 813 0
-44 813 0
-46 813 0
-47 813 0
-48 813 0
-49 813 0
-50 813 0
-51 813 0
-52 813 0
-201 813 0
-814 813 0
38 39 40 41 43 44 46 47 48 49 50 51 52 201 814 -813 0
-102 817 0
221 817 0
223 817 0
102 -221 -223 -817 0
-816 201 0
-816 817 0
-201 -817 816 0
-456 815 0
-816 815 0
456 816 -815 0
-819 128 0
-819 -131 0
-819 -163 0
-128 131 163 819 0
-820 129 0
-820 -131 0
-820 -163 0
-129 131 163 820 0
-821 -131 0
-821 -163 0
-821 197 0
131 163 -197 821 0
-819 818 0
-820 818 0
-821 818 0
819 820 821 -818 0
-822 101 0
-822 148 0
-822 -225 0
-101 -148 225 822 0
-823 159 0
-823 -1 0
823 -159 1 0
-824 -159 0
-824 1 0
824 159 -1 0
-825 248 0
-825 -2 0
825 -248 2 0
-826 -248 0
-826 2 0
826 248 -2 0
-827 249 0
-827 -3 0
827 -249 3 0
-828 -249 0
-828 3 0
828 249 -3 0
-829 23 0
-829 -4 0
829 -23 4 0
-830 -23 0
-830 4 0
830 23 -4 0
-831 250 0
-831 -5 0
831 -250 5 0
-832 -250 0
-832 5 0
832 250 -5 0
-833 251 0
-833 -6 0
833 -251 6 0
-834 -251 0
-834 6 0
834 251 -6 0
-835 153 0
-835 -7 0
835 -153 7 0
-836 -153 0
-836 7 0
836 153 -7 0
-837 209 0
-837 -8 0
837 -209 8 0
-838 -209 0
-838 8 0
838 209 -8 0
-839 257 0
-839 -9 0
839 -257 9 0
-840 -257 0
-840 9 0
840 257 -9 0
-841 260 0
-841 -10 0
841 -260 10 0
-842 -260 0
-842 10 0
842 260 -10 0
-843 265 0
-843 -11 0
843 -265 11 0
-844 -265 0
-844 11 0
844 265 -11 0
-845 213 0
-845 -12 0
845 -213 12 0
-846 -213 0
-846 12 0
846 213 -12 0
-847 266 0
-847 -13 0
847 -266 13 0
-848 -266 0
-848 13 0
848 266 -13 0
-849 123 0
-849 -14 0
849 -123 14 0
-850 -123 0
-850 14 0
850 123 -14 0
-851 267 0
-851 -15 0
851 -267 15 0
-852 -267 0
-852 15 0
852 267 -15 0
-853 153 0
-853 -16 0
853 -153 16 0
-854 -153 0
-854 16 0
854 153 -16 0
-855 273 0
-855 -17 0
855 -273 17 0
-856 -273 0
-856 17 0
856 273 -17 0
-857 26 0
-857 -18 0
857 -26 18 0
-858 -26 0
-858 18 0
858 26 -18 0
-859 274 0
-859 -19 0
859 -274 19 0
-860 -274 0
-860 19 0
860 274 -19 0
-861 19 0
-861 -20 0
861 -19 20 0
-862 -19 0
-862 20 0
862 19 -20 0
-863 275 0
-863 -21 0
863 -275 21 0
-864 -275 0
-864 21 0
864 275 -21 0
-865 20 0
-865 -22 0
865 -20 22 0
-866 -20 0
-866 22 0
866 20 -22 0
-867 276 0
-867 -23 0
867 -276 23 0
-868 -276 0
-868 23 0
868 276 -23 0
-869 278 0
-869 -24 0
869 -278 24 0
-870 -278 0
-870 24 0
870 278 -24 0
-871 280 0
-871 -25 0
871 -280 25 0
-872 -280 0
-872 25 0
872 280 -25 0
-873 281 0
-873 -26 0
873 -281 26 0
-874 -281 0
-874 26 0
874 281 -26 0
-875 285 0
-875 -27 0
875 -285 27 0
-876 -285 0
-876 27 0
876 285 -27 0
-877 286 0
-877 -28 0
877 -286 28 0
-878 -286 0
-878 28 0
878 286 -28 0
-879 292 0
-879 -29 0
879 -292 29 0
-880 -292 0
-880 29 0
880 292 -29 0
-881 295 0
-881 -30 0
881 -295 30 0
-882 -295 0
-882 30 0
882 295 -30 0
-883 296 0
-883 -31 0
883 -296 31 0
-884 -296 0
-884 31 0
884 296 -31 0
-885 298 0
-885 -32 0
885 -298 32 0
-886 -298 0
-886 32 0
886 298 -32 0
-887 303 0
-887 -33 0
887 -303 33 0
-888 -303 0
-888 33 0
888 303 -33 0
-889 308 0
-889 -34 0
889 -308 34 0
-890 -308 0
-890 34 0
890 308 -34 0
-891 311 0
-891 -35 0
891 -311 35 0
-892 -311 0
-892 35 0
892 311 -35 0
-893 312 0
-893 -36 0
893 -312 36 0
-894 -312 0
-894 36 0
894 312 -36 0
-895 313 0
-895 -37 0
895 -313 37 0
-896 -313 0
-896 37 0
896 313 -37 0
-897 314 0
-897 -38 0
897 -314 38 0
-898 -314 0
-898 38 0
898 314 -38 0
-899 318 0
-899 -39 0
899 -318 39 0
-900 -318 0
-900 39 0
900 318 -39 0
-901 323 0
-901 -40 0
901 -323 40 0
-902 -323 0
-902 40 0
902 323 -40 0
-903 326 0
-903 -41 0
903 -326 41 0
-904 -326 0
-904 41 0
904 326 -41 0
-905 329 0
-905 -42 0
905 -329 42 0
-906 -329 0
-906 42 0
906 329 -42 0
-907 333 0
-907 -43 0
907 -333 43 0
-908 -333 0
-908 43 0
908 333 -43 0
-909 335 0
-909 -44 0
909 -335 44 0
-910 -335 0
-910 44 0
910 335 -44 0
-911 338 0
-911 -45 0
911 -338 45 0
-912 -338 0
-912 45 0
912 338 -45 0
-913 339 0
-913 -46 0
913 -339 46 0
-914 -339 0
-914 46 0
914 339 -46 0
-915 344 0
-915 -47 0
915 -344 47 0
-916 -344 0
-916 47 0
916 344 -47 0
-917 348 0
-917 -48 0
917 -348 48 0
-918 -348 0
-918 48 0
918 348 -48 0
-919 352 0
-919 -49 0
919 -352 49 0
-920 -352 0
-920 49 0
920 352 -49 0
-921 355 0
-921 -50 0
921 -355 50 0
-922 -355 0
-922 50 0
922 355 -50 0
-923 361 0
-923 -51 0
923 -361 51 0
-924 -361 0
-924 51 0
924 361 -51 0
-925 362 0
-925 -52 0
925 -362 52 0
-926 -362 0
-926 52 0
926 362 -52 0
-927 363 0
-927 -53 0
927 -363 53 0
-928 -363 0
-928 53 0
928 363 -53 0
-929 157 0
-929 -54 0
929 -157 54 0
-930 -157 0
-930 54 0
930 157 -54 0
-931 101 0
-931 -55 0
931 -101 55 0
-932 -101 0
-932 55 0
932 101 -55 0
-933 369 0
-933 -56 0
933 -369 56 0
-934 -369 0
-934 56 0
934 369 -56 0
-935 372 0
-935 -57 0
935 -372 57 0
-936 -372 0
-936 57 0
936 372 -57 0
-937 372 0
-937 -58 0
937 -372 58 0
-938 -372 0
-938 58 0
938 372 -58 0
-939 372 0
-939 -59 0
939 -372 59 0
-940 -372 0
-940 59 0
940 372 -59 0
-941 201 0
-941 -60 0
941 -201 60 0
-942 -201 0
-942 60 0
942 201 -60 0
-943 372 0
-943 -61 0
943 -372 61 0
-944 -372 0
-944 61 0
944 372 -61 0
-945 372 0
-945 -62 0
945 -372 62 0
-946 -372 0
-946 62 0
946 372 -62 0
-947 373 0
-947 -63 0
947 -373 63 0
-948 -373 0
-948 63 0
948 373 -63 0
-949 201 0
-949 -64 0
949 -201 64 0
-950 -201 0
-950 64 0
950 201 -64 0
-951 375 0
-951 -65 0
951 -375 65 0
-952 -375 0
-952 65 0
952 375 -65 0
-953 376 0
-953 -66 0
953 -376 66 0
-954 -376 0
-954 66 0
954 376 -66 0
-955 385 0
-955 -67 0
955 -385 67 0
-956 -385 0
-956 67 0
956 385 -67 0
-957 67 0
-957 -68 0
957 -67 68 0
-958 -67 0
-958 68 0
958 67 -68 0
-959 68 0
-959 -69 0
959 -68 69 0
-960 -68 0
-960 69 0
960 68 -69 0
-961 386 0
-961 -70 0
961 -386 70 0
-962 -386 0
-962 70 0
962 386 -70 0
-963 387 0
-963 -71 0
963 -387 71 0
-964 -387 0
-964 71 0
964 387 -71 0
-965 390 0
-965 -72 0
965 -390 72 0
-966 -390 0
-966 72 0
966 390 -72 0
-967 392 0
-967 -73 0
967 -392 73 0
-968 -392 0
-968 73 0
968 392 -73 0
-969 393 0
-969 -74 0
969 -393 74 0
-970 -393 0
-970 74 0
970 393 -74 0
-971 394 0
-971 -75 0
971 -394 75 0
-972 -394 0
-972 75 0
972 394 -75 0
-973 398 0
-973 -76 0
973 -398 76 0
-974 -398 0
-974 76 0
974 398 -76 0
-975 399 0
-975 -77 0
975 -399 77 0
-976 -399 0
-976 77 0
976 399 -77 0
-977 402 0
-977 -78 0
977 -402 78 0
-978 -402 0
-978 78 0
978 402 -78 0
-979 405 0
-979 -79 0
979 -405 79 0
-980 -405 0
-980 79 0
980 405 -79 0
-981 279 0
-981 -80 0
981 -279 80 0
-982 -279 0
-982 80 0
982 279 -80 0
-983 279 0
-983 -81 0
983 -279 81 0
-984 -279 0
-984 81 0
984 279 -81 0
-985 279 0
-985 -82 0
985 -279 82 0
-986 -279 0
-986 82 0
986 279 -82 0
-987 279 0
-987 -83 0
987 -279 83 0
-988 -279 0
-988 83 0
988 279 -83 0
-989 279 0
-989 -84 0
989 -279 84 0
-990 -279 0
-990 84 0
990 279 -84 0
-991 407 0
-991 -85 0
991 -407 85 0
-992 -407 0
-992 85 0
992 407 -85 0
-993 408 0
-993 -86 0
993 -408 86 0
-994 -408 0
-994 86 0
994 408 -86 0
-995 410 0
-995 -87 0
995 -410 87 0
-996 -410 0
-996 87 0
996 410 -87 0
-997 410 0
-997 -88 0
997 -410 88 0
-998 -410 0
-998 88 0
998 410 -88 0
-999 410 0
-999 -89 0
999 -410 89 0
-1000 -410 0
-1000 89 0
1000 410 -89 0
-1001 410 0
-1001 -90 0
1001 -410 90 0
-1002 -410 0
-1002 90 0
1002 410 -90 0
-1003 410 0
-1003 -91 0
1003 -410 91 0
-1004 -410 0
-1004 91 0
1004 410 -91 0
-1005 410 0
-1005 -92 0
1005 -410 92 0
-1006 -410 0
-1006 92 0
1006 410 -92 0
-1007 410 0
-1007 -93 0
1007 -410 93 0
-1008 -410 0
-1008 93 0
1008 410 -93 0
-1009 410 0
-1009 -94 0
1009 -410 94 0
-1010 -410 0
-1010 94 0
1010 410 -94 0
-1011 410 0
-1011 -95 0
1011 -410 95 0
-1012 -410 0
-1012 95 0
1012 410 -95 0
-1013 411 0
-1013 -96 0
1013 -411 96 0
-1014 -411 0
-1014 96 0
1014 411 -96 0
-1015 412 0
-1015 -97 0
1015 -412 97 0
-1016 -412 0
-1016 97 0
1016 412 -97 0
-1017 414 0
-1017 -98 0
1017 -414 98 0
-1018 -414 0
-1018 98 0
1018 414 -98 0
-1019 414 0
-1019 -99 0
1019 -414 99 0
-1020 -414 0
-1020 99 0
1020 414 -99 0
-1021 414 0
-1021 -100 0
1021 -414 100 0
-1022 -414 0
-1022 100 0
1022 414 -100 0
-1023 415 0
-1023 -101 0
1023 -415 101 0
-1024 -415 0
-1024 101 0
1024 415 -101 0
-1025 417 0
-1025 -102 0
1025 -417 102 0
-1026 -417 0
-1026 102 0
1026 417 -102 0
-1027 421 0
-1027 -103 0
1027 -421 103 0
-1028 -421 0
-1028 103 0
1028 421 -103 0
-1029 422 0
-1029 -104 0
1029 -422 104 0
-1030 -422 0
-1030 104 0
1030 422 -104 0
-1031 208 0
-1031 -105 0
1031 -208 105 0
-1032 -208 0
-1032 105 0
1032 208 -105 0
-1033 428 0
-1033 -106 0
1033 -428 106 0
-1034 -428 0
-1034 106 0
1034 428 -106 0
-1035 434 0
-1035 -107 0
1035 -434 107 0
-1036 -434 0
-1036 107 0
1036 434 -107 0
-1037 437 0
-1037 -108 0
1037 -437 108 0
-1038 -437 0
-1038 108 0
1038 437 -108 0
-1039 441 0
-1039 -109 0
1039 -441 109 0
-1040 -441 0
-1040 109 0
1040 441 -109 0
-1041 445 0
-1041 -110 0
1041 -445 110 0
-1042 -445 0
-1042 110 0
1042 445 -110 0
-1043 448 0
-1043 -111 0
1043 -448 111 0
-1044 -448 0
-1044 111 0
1044 448 -111 0
-1045 451 0
-1045 -112 0
1045 -451 112 0
-1046 -451 0
-1046 112 0
1046 451 -112 0
-1047 452 0
-1047 -113 0
1047 -452 113 0
-1048 -452 0
-1048 113 0
1048 452 -113 0
-1049 453 0
-1049 -114 0
1049 -453 114 0
-1050 -453 0
-1050 114 0
1050 453 -114 0
-1051 454 0
-1051 -115 0
1051 -454 115 0
-1052 -454 0
-1052 115 0
1052 454 -115 0
-1053 456 0
-1053 -116 0
1053 -456 116 0
-1054 -456 0
-1054 116 0
1054 456 -116 0
-1055 457 0
-1055 -117 0
1055 -457 117 0
-1056 -457 0
-1056 117 0
1056 457 -117 0
-1057 458 0
-1057 -118 0
1057 -458 118 0
-1058 -458 0
-1058 118 0
1058 458 -118 0
-1059 459 0
-1059 -119 0
1059 -459 119 0
-1060 -459 0
-1060 119 0
1060 459 -119 0
-1061 460 0
-1061 -120 0
1061 -460 120 0
-1062 -460 0
-1062 120 0
1062 460 -120 0
-1063 461 0
-1063 -121 0
1063 -461 121 0
-1064 -461 0
-1064 121 0
1064 461 -121 0
-1065 246 0
-1065 -122 0
1065 -246 122 0
-1066 -246 0
-1066 122 0
1066 246 -122 0
-1067 154 0
-1067 -123 0
1067 -154 123 0
-1068 -154 0
-1068 123 0
1068 154 -123 0
-1069 466 0
-1069 -124 0
1069 -466 124 0
-1070 -466 0
-1070 124 0
1070 466 -124 0
-1071 469 0
-1071 -125 0
1071 -469 125 0
-1072 -469 0
-1072 125 0
1072 469 -125 0
-1073 477 0
-1073 -126 0
1073 -477 126 0
-1074 -477 0
-1074 126 0
1074 477 -126 0
-1075 479 0
-1075 -127 0
1075 -479 127 0
-1076 -479 0
-1076 127 0
1076 479 -127 0
-1077 484 0
-1077 -128 0
1077 -484 128 0
-1078 -484 0
-1078 128 0
1078 484 -128 0
-1079 495 0
-1079 -129 0
1079 -495 129 0
-1080 -495 0
-1080 129 0
1080 495 -129 0
-1081 496 0
-1081 -130 0
1081 -496 130 0
-1082 -496 0
-1082 130 0
1082 496 -130 0
-1083 498 0
-1083 -131 0
1083 -498 131 0
-1084 -498 0
-1084 131 0
1084 498 -131 0
-1085 502 0
-1085 -132 0
1085 -502 132 0
-1086 -502 0
-1086 132 0
1086 502 -132 0
-1087 505 0
-1087 -133 0
1087 -505 133 0
-1088 -505 0
-1088 133 0
1088 505 -133 0
-1089 508 0
-1089 -134 0
1089 -508 134 0
-1090 -508 0
-1090 134 0
1090 508 -134 0
-1091 509 0
-1091 -135 0
1091 -509 135 0
-1092 -509 0
-1092 135 0
1092 509 -135 0
-1093 512 0
-1093 -136 0
1093 -512 136 0
-1094 -512 0
-1094 136 0
1094 512 -136 0
-1095 513 0
-1095 -137 0
1095 -513 137 0
-1096 -513 0
-1096 137 0
1096 513 -137 0
-1097 521 0
-1097 -138 0
1097 -521 138 0
-1098 -521 0
-1098 138 0
1098 521 -138 0
-1099 526 0
-1099 -139 0
1099 -526 139 0
-1100 -526 0
-1100 139 0
1100 526 -139 0
-1101 532 0
-1101 -140 0
1101 -532 140 0
-1102 -532 0
-1102 140 0
1102 532 -140 0
-1103 508 0
-1103 -141 0
1103 -508 141 0
-1104 -508 0
-1104 141 0
1104 508 -141 0
-1105 536 0
-1105 -142 0
1105 -536 142 0
-1106 -536 0
-1106 142 0
1106 536 -142 0
-1107 544 0
-1107 -143 0
1107 -544 143 0
-1108 -544 0
-1108 143 0
1108 544 -143 0
-1109 545 0
-1109 -144 0
1109 -545 144 0
-1110 -545 0
-1110 144 0
1110 545 -144 0
-1111 162 0
-1111 -145 0
1111 -162 145 0
-1112 -162 0
-1112 145 0
1112 162 -145 0
-1113 546 0
-1113 -146 0
1113 -546 146 0
-1114 -546 0
-1114 146 0
1114 546 -146 0
-1115 552 0
-1115 -147 0
1115 -552 147 0
-1116 -552 0
-1116 147 0
1116 552 -147 0
-1117 555 0
-1117 -148 0
1117 -555 148 0
-1118 -555 0
-1118 148 0
1118 555 -148 0
-1119 556 0
-1119 -149 0
1119 -556 149 0
-1120 -556 0
-1120 149 0
1120 556 -149 0
-1121 573 0
-1121 -150 0
1121 -573 150 0
-1122 -573 0
-1122 150 0
1122 573 -150 0
-1123 574 0
-1123 -151 0
1123 -574 151 0
-1124 -574 0
-1124 151 0
1124 574 -151 0
-1125 577 0
-1125 -152 0
1125 -577 152 0
-1126 -577 0
-1126 152 0
1126 577 -152 0
-1127 580 0
-1127 -153 0
1127 -580 153 0
-1128 -580 0
-1128 153 0
1128 580 -153 0
-1129 585 0
-1129 -154 0
1129 -585 154 0
-1130 -585 0
-1130 154 0
1130 585 -154 0
-1131 589 0
-1131 -155 0
1131 -589 155 0
-1132 -589 0
-1132 155 0
1132 589 -155 0
-1133 595 0
-1133 -156 0
1133 -595 156 0
-1134 -595 0
-1134 156 0
1134 595 -156 0
-1135 599 0
-1135 -157 0
1135 -599 157 0
-1136 -599 0
-1136 157 0
1136 599 -157 0
-1137 604 0
-1137 -158 0
1137 -604 158 0
-1138 -604 0
-1138 158 0
1138 604 -158 0
-1139 608 0
-1139 -159 0
1139 -608 159 0
-1140 -608 0
-1140 159 0
1140 608 -159 0
-1141 613 0
-1141 -160 0
1141 -613 160 0
-1142 -613 0
-1142 160 0
1142 613 -160 0
-1143 616 0
-1143 -161 0
1143 -616 161 0
-1144 -616 0
-1144 161 0
1144 616 -161 0
-1145 620 0
-1145 -162 0
1145 -620 162 0
-1146 -620 0
-1146 162 0
1146 620 -162 0
-1147 627 0
-1147 -163 0
1147 -627 163 0
-1148 -627 0
-1148 163 0
1148 627 -163 0
-1149 643 0
-1149 -164 0
1149 -643 164 0
-1150 -643 0
-1150 164 0
1150 643 -164 0
-1151 646 0
-1151 -165 0
1151 -646 165 0
-1152 -646 0
-1152 165 0
1152 646 -165 0
-1153 647 0
-1153 -166 0
1153 -647 166 0
-1154 -647 0
-1154 166 0
1154 647 -166 0
-1155 157 0
-1155 -167 0
1155 -157 167 0
-1156 -157 0
-1156 167 0
1156 157 -167 0
-1157 648 0
-1157 -168 0
1157 -648 168 0
-1158 -648 0
-1158 168 0
1158 648 -168 0
-1159 649 0
-1159 -169 0
1159 -649 169 0
-1160 -649 0
-1160 169 0
1160 649 -169 0
-1161 650 0
-1161 -170 0
1161 -650 170 0
-1162 -650 0
-1162 170 0
1162 650 -170 0
-1163 651 0
-1163 -171 0
1163 -651 171 0
-1164 -651 0
-1164 171 0
1164 651 -171 0
-1165 652 0
-1165 -172 0
1165 -652 172 0
-1166 -652 0
-1166 172 0
1166 652 -172 0
-1167 655 0
-1167 -173 0
1167 -655 173 0
-1168 -655 0
-1168 173 0
1168 655 -173 0
-1169 190 0
-1169 -174 0
1169 -190 174 0
-1170 -190 0
-1170 174 0
1170 190 -174 0
-1171 157 0
-1171 -175 0
1171 -157 175 0
-1172 -157 0
-1172 175 0
1172 157 -175 0
-1173 656 0
-1173 -176 0
1173 -656 176 0
-1174 -656 0
-1174 176 0
1174 656 -176 0
-1175 176 0
-1175 -177 0
1175 -176 177 0
-1176 -176 0
-1176 177 0
1176 176 -177 0
-1177 176 0
-1177 -178 0
1177 -176 178 0
-1178 -176 0
-1178 178 0
1178 176 -178 0
-1179 313 0
-1179 -179 0
1179 -313 179 0
-1180 -313 0
-1180 179 0
1180 313 -179 0
-1181 178 0
-1181 -180 0
1181 -178 180 0
-1182 -178 0
-1182 180 0
1182 178 -180 0
-1183 664 0
-1183 -181 0
1183 -664 181 0
-1184 -664 0
-1184 181 0
1184 664 -181 0
-1185 675 0
-1185 -182 0
1185 -675 182 0
-1186 -675 0
-1186 182 0
1186 675 -182 0
-1187 680 0
-1187 -183 0
1187 -680 183 0
-1188 -680 0
-1188 183 0
1188 680 -183 0
-1189 683 0
-1189 -184 0
1189 -683 184 0
-1190 -683 0
-1190 184 0
1190 683 -184 0
-1191 686 0
-1191 -185 0
1191 -686 185 0
-1192 -686 0
-1192 185 0
1192 686 -185 0
-1193 690 0
-1193 -186 0
1193 -690 186 0
-1194 -690 0
-1194 186 0
1194 690 -186 0
-1195 186 0
-1195 -187 0
1195 -186 187 0
-1196 -186 0
-1196 187 0
1196 186 -187 0
-1197 691 0
-1197 -188 0
1197 -691 188 0
-1198 -691 0
-1198 188 0
1198 691 -188 0
-1199 697 0
-1199 -189 0
1199 -697 189 0
-1200 -697 0
-1200 189 0
1200 697 -189 0
-1201 701 0
-1201 -190 0
1201 -701 190 0
-1202 -701 0
-1202 190 0
1202 701 -190 0
-1203 702 0
-1203 -191 0
1203 -702 191 0
-1204 -702 0
-1204 191 0
1204 702 -191 0
-1205 705 0
-1205 -192 0
1205 -705 192 0
-1206 -705 0
-1206 192 0
1206 705 -192 0
-1207 708 0
-1207 -193 0
1207 -708 193 0
-1208 -708 0
-1208 193 0
1208 708 -193 0
-1209 192 0
-1209 -194 0
1209 -192 194 0
-1210 -192 0
-1210 194 0
1210 192 -194 0
-1211 709 0
-1211 -195 0
1211 -709 195 0
-1212 -709 0
-1212 195 0
1212 709 -195 0
-1213 108 0
-1213 -196 0
1213 -108 196 0
-1214 -108 0
-1214 196 0
1214 108 -196 0
-1215 714 0
-1215 -197 0
1215 -714 197 0
-1216 -714 0
-1216 197 0
1216 714 -197 0
-1217 715 0
-1217 -198 0
1217 -715 198 0
-1218 -715 0
-1218 198 0
1218 715 -198 0
-1219 728 0
-1219 -199 0
1219 -728 199 0
-1220 -728 0
-1220 199 0
1220 728 -199 0
-1221 732 0
-1221 -200 0
1221 -732 200 0
-1222 -732 0
-1222 200 0
1222 732 -200 0
-1223 746 0
-1223 -201 0
1223 -746 201 0
-1224 -746 0
-1224 201 0
1224 746 -201 0
-1225 204 0
-1225 -202 0
1225 -204 202 0
-1226 -204 0
-1226 202 0
1226 204 -202 0
-1227 238 0
-1227 -203 0
1227 -238 203 0
-1228 -238 0
-1228 203 0
1228 238 -203 0
-1229 757 0
-1229 -204 0
1229 -757 204 0
-1230 -757 0
-1230 204 0
1230 757 -204 0
-1231 758 0
-1231 -205 0
1231 -758 205 0
-1232 -758 0
-1232 205 0
1232 758 -205 0
-1233 761 0
-1233 -206 0
1233 -761 206 0
-1234 -761 0
-1234 206 0
1234 761 -206 0
-1235 208 0
-1235 -207 0
1235 -208 207 0
-1236 -208 0
-1236 207 0
1236 208 -207 0
-1237 122 0
-1237 -208 0
1237 -122 208 0
-1238 -122 0
-1238 208 0
1238 122 -208 0
-1239 766 0
-1239 -209 0
1239 -766 209 0
-1240 -766 0
-1240 209 0
1240 766 -209 0
-1241 767 0
-1241 -210 0
1241 -767 210 0
-1242 -767 0
-1242 210 0
1242 767 -210 0
-1243 70 0
-1243 -211 0
1243 -70 211 0
-1244 -70 0
-1244 211 0
1244 70 -211 0
-1245 768 0
-1245 -212 0
1245 -768 212 0
-1246 -768 0
-1246 212 0
1246 768 -212 0
-1247 771 0
-1247 -213 0
1247 -771 213 0
-1248 -771 0
-1248 213 0
1248 771 -213 0
-1249 776 0
-1249 -214 0
1249 -776 214 0
-1250 -776 0
-1250 214 0
1250 776 -214 0
-1251 15 0
-1251 -215 0
1251 -15 215 0
-1252 -15 0
-1252 215 0
1252 15 -215 0
-1253 783 0
-1253 -216 0
1253 -783 216 0
-1254 -783 0
-1254 216 0
1254 783 -216 0
-1255 790 0
-1255 -217 0
1255 -790 217 0
-1256 -790 0
-1256 217 0
1256 790 -217 0
-1257 797 0
-1257 -218 0
1257 -797 218 0
-1258 -797 0
-1258 218 0
1258 797 -218 0
-1259 804 0
-1259 -219 0
1259 -804 219 0
-1260 -804 0
-1260 219 0
1260 804 -219 0
-1261 807 0
-1261 -220 0
1261 -807 220 0
-1262 -807 0
-1262 220 0
1262 807 -220 0
-1263 808 0
-1263 -221 0
1263 -808 221 0
-1264 -808 0
-1264 221 0
1264 808 -221 0
-1265 813 0
-1265 -222 0
1265 -813 222 0
-1266 -813 0
-1266 222 0
1266 813 -222 0
-1267 815 0
-1267 -223 0
1267 -815 223 0
-1268 -815 0
-1268 223 0
1268 815 -223 0
-1269 818 0
-1269 -224 0
1269 -818 224 0
-1270 -818 0
-1270 224 0
1270 818 -224 0
-1271 822 0
-1271 -225 0
1271 -822 225 0
-1272 -822 0
-1272 225 0
1272 822 -225 0
-1273 226 0
-1273 -226 0
1273 -226 226 0
-1274 -226 0
-1274 226 0
1274 226 -226 0
-1275 227 0
-1275 -227 0
1275 -227 227 0
-1276 -227 0
-1276 227 0
1276 227 -227 0
-1277 228 0
-1277 -228 0
1277 -228 228 0
-1278 -228 0
-1278 228 0
1278 228 -228 0
-1279 229 0
-1279 -229 0
1279 -229 229 0
-1280 -229 0
-1280 229 0
1280 229 -229 0
-1281 230 0
-1281 -230 0
1281 -230 230 0
-1282 -230 0
-1282 230 0
1282 230 -230 0
-1283 231 0
-1283 -231 0
1283 -231 231 0
-1284 -231 0
-1284 231 0
1284 231 -231 0
-1285 232 0
-1285 -232 0
1285 -232 232 0
-1286 -232 0
-1286 232 0
1286 232 -232 0
-1287 233 0
-1287 -233 0
1287 -233 233 0
-1288 -233 0
-1288 233 0
1288 233 -233 0
-1289 234 0
-1289 -234 0
1289 -234 234 0
-1290 -234 0
-1290 234 0
1290 234 -234 0
-1291 235 0
-1291 -235 0
1291 -235 235 0
-1292 -235 0
-1292 235 0
1292 235 -235 0
-1293 236 0
-1293 -236 0
1293 -236 236 0
-1294 -236 0
-1294 236 0
1294 236 -236 0
-1295 237 0
-1295 -237 0
1295 -237 237 0
-1296 -237 0
-1296 237 0
1296 237 -237 0
-1297 238 0
-1297 -238 0
1297 -238 238 0
-1298 -238 0
-1298 238 0
1298 238 -238 0
-1299 239 0
-1299 -239 0
1299 -239 239 0
-1300 -239 0
-1300 239 0
1300 239 -239 0
-1301 240 0
-1301 -240 0
1301 -240 240 0
-1302 -240 0
-1302 240 0
1302 240 -240 0
-1303 241 0
-1303 -241 0
1303 -241 241 0
-1304 -241 0
-1304 241 0
1304 241 -241 0
-1305 242 0
-1305 -242 0
1305 -242 242 0
-1306 -242 0
-1306 242 0
1306 242 -242 0
-1307 243 0
-1307 -243 0
1307 -243 243 0
-1308 -243 0
-1308 243 0
1308 243 -243 0
-1309 244 0
-1309 -244 0
1309 -244 244 0
-1310 -244 0
-1310 244 0
1310 244 -244 0
-1311 245 0
-1311 -245 0
1311 -245 245 0
-1312 -245 0
-1312 245 0
1312 245 -245 0
-1313 246 0
-1313 -246 0
1313 -246 246 0
-1314 -246 0
-1314 246 0
1314 246 -246 0
-1315 247 0
-1315 -247 0
1315 -247 247 0
-1316 -247 0
-1316 247 0
1316 247 -247 0
-823 0
-824 0
-825 0
-826 0
-827 0
-828 0
-829 0
-830 0
-831 0
-832 0
-833 0
-834 0
-835 0
-836 0
-837 0
-838 0
-839 0
-840 0
-841 0
-842 0
-843 0
-844 0
-845 0
-846 0
-847 0
-848 0
-849 0
-850 0
-851 0
-852 0
-853 0
-854 0
-855 0
-856 0
-857 0
-858 0
-859 0
-860 0
-861 0
-862 0
-863 0
-864 0
-865 0
-866 0
-867 0
-868 0
-869 0
-870 0
-871 0
-872 0
-873 0
-874 0
-875 0
-876 0
-877 0
-878 0
-879 0
-880 0
-881 0
-882 0
-883 0
-884 0
-885 0
-886 0
-887 0
-888 0
-889 0
-890 0
-891 0
-892 0
-893 0
-894 0
-895 0
-896 0
-897 0
-898 0
-899 0
-900 0
-901 0
-902 0
-903 0
-904 0
-905 0
-906 0
-907 0
-908 0
-909 0
-910 0
-911 0
-912 0
-913 0
-914 0
-915 0
-916 0
-917 0
-918 0
-919 0
-920 0
-921 0
-922 0
-923 0
-924 0
-925 0
-926 0
-927 0
-928 0
-929 0
-930 0
-931 0
-932 0
-933 0
-934 0
-935 0
-936 0
-937 0
-938 0
-939 0
-940 0
-941 0
-942 0
-943 0
-944 0
-945 0
-946 0
-947 0
-948 0
-949 0
-950 0
-951 0
-952 0
-953 0
-954 0
-955 0
-956 0
-957 0
-958 0
-959 0
-960 0
-961 0
-962 0
-963 0
-964 0
-965 0
-966 0
-967 0
-968 0
-969 0
-970 0
-971 0
-972 0
-973 0
-974 0
-975 0
-976 0
-977 0
-978 0
-979 0
-980 0
-981 0
-982 0
-983 0
-984 0
-985 0
-986 0
-987 0
-988 0
-989 0
-990 0
-991 0
-992 0
-993 0
-994 0
-995 0
-996 0
-997 0
-998 0
-999 0
-1000 0
-1001 0
-1002 0
-1003 0
-1004 0
-1005 0
-1006 0
-1007 0
-1008 0
-1009 0
-1010 0
-1011 0
-1012 0
-1013 0
-1014 0
-1015 0
-1016 0
-1017 0
-1018 0
-1019 0
-1020 0
-1021 0
-1022 0
-1023 0
-1024 0
-1025 0
-1026 0
-1027 0
-1028 0
-1029 0
-1030 0
-1031 0
-1032 0
-1033 0
-1034 0
-1035 0
-1036 0
-1037 0
-1038 0
-1039 0
-1040 0
-1041 0
-1042 0
-1043 0
-1044 0
-1045 0
-1046 0
-1047 0
-1048 0
-1049 0
-1050 0
-1051 0
-1052 0
-1053 0
-1054 0
-1055 0
-1056 0
-1057 0
-1058 0
-1059 0
-1060 0
-1061 0
-1062 0
-1063 0
-1064 0
-1065 0
-1066 0
-1067 0
-1068 0
-1069 0
-1070 0
-1071 0
-1072 0
-1073 0
-1074 0
-1075 0
-1076 0
-1077 0
-1078 0
-1079 0
-1080 0
-1081 0
-1082 0
-1083 0
-1084 0
-1085 0
-1086 0
-1087 0
-1088 0
-1089 0
-1090 0
-1091 0
-1092 0
-1093 0
-1094 0
-1095 0
-1096 0
-1097 0
-1098 0
-1099 0
-1100 0
-1101 0
-1102 0
-1103 0
-1104 0
-1105 0
-1106 0
-1107 0
-1108 0
-1109 0
-1110 0
-1111 0
-1112 0
-1113 0
-1114 0
-1115 0
-1116 0
-1117 0
-1118 0
-1119 0
-1120 0
-1121 0
-1122 0
-1123 0
-1124 0
-1125 0
-1126 0
-1127 0
-1128 0
-1129 0
-1130 0
-1131 0
-1132 0
-1133 0
-1134 0
-1135 0
-1136 0
-1137 0
-1138 0
-1139 0
-1140 0
-1141 0
-1142 0
-1143 0
-1144 0
-1145 0
-1146 0
-1147 0
-1148 0
-1149 0
-1150 0
-1151 0
-1152 0
-1153 0
-1154 0
-1155 0
-1156 0
-1157 0
-1158 0
-1159 0
-1160 0
-1161 0
-1162 0
-1163 0
-1164 0
-1165 0
-1166 0
-1167 0
-1168 0
-1169 0
-1170 0
-1171 0
-1172 0
-1173 0
-1174 0
-1175 0
-1176 0
-1177 0
-1178 0
-1179 0
-1180 0
-1181 0
-1182 0
-1183 0
-1184 0
-1185 0
-1186 0
-1187 0
-1188 0
-1189 0
-1190 0
-1191 0
-1192 0
-1193 0
-1194 0
-1195 0
-1196 0
-1197 0
-1198 0
-1199 0
-1200 0
-1201 0
-1202 0
-1203 0
-1204 0
-1205 0
-1206 0
-1207 0
-1208 0
-1209 0
-1210 0
-1211 0
-1212 0
-1213 0
-1214 0
-1215 0
-1216 0
-1217 0
-1218 0
-1219 0
-1220 0
-1221 0
-1222 0
-1223 0
-1224 0
-1225 0
-1226 0
-1227 0
-1228 0
-1229 0
-1230 0
-1231 0
-1232 0
-1233 0
-1234 0
-1235 0
-1236 0
-1237 0
-1238 0
-1239 0
-1240 0
-1241 0
-1242 0
-1243 0
-1244 0
-1245 0
-1246 0
-1247 0
-1248 0
-1249 0
-1250 0
-1251 0
-1252 0
-1253 0
-1254 0
-1255 0
-1256 0
-1257 0
-1258 0
-1259 0
-1260 0
-1261 0
-1262 0
-1263 0
-1264 0
-1265 0
-1266 0
-1267 0
-1268 0
-1269 0
-1270 0
-1271 0
-1272 0
-1273 0
-1274 0
-1275 0
-1276 0
-1277 0
-1278 0
-1279 0
-1280 0
-1281 0
-1282 0
-1283 0
-1284 0
-1285 0
-1286 0
-1287 0
-1288 0
-1289 0
-1290 0
-1291 0
-1292 0
-1293 0
-1294 0
-1295 0
-1296 0
-1297 0
-1298 0
-1299 0
-1300 0
-1301 0
-1302 0
-1303 0
-1304 0
-1305 0
-1306 0
-1307 0
-1308 0
-1309 0
-1310 0
-1311 0
-1312 0
-1313 0
-1314 0
-1315 0
-1316 0